 State Energies (Ha)
 R1=   1.0000000000000000       R2=   0.0000000000000000      R3=   0.0000000000000000     
 N (index), E(Ha)
           1   1.9707712666918982     
           2   1.9956283891855562     
           3   1.9956283891855575     
           4   1.9957516737792662     
           5   1.9975489257035870     
           6   2.0015173525467898     
           7   2.0016342299426082     
           8   2.0016342299426122     
           9   2.0016436977867298     
          10   2.0021805610311092     
          11   2.0021805610311256     
          12   2.0021813583723822     
          13   2.0021813583723871     
          14   2.0021816344538972     
          15   2.0046153868111674     
          16   2.0046157487470442     
          17   2.0046157487470460     
          18   2.0046173909963914     
          19   2.0046173909964087     
          20   2.0051449575100069     
          21   2.0051449575100082     
          22   2.0051570525152140     
          23   2.0055356569156650     
          24   2.0077219604086829     
          25   2.0077219604086993     
          26   2.0077283294890922     
          27   2.0077283294891011     
          28   2.0077304723737246     
          29   2.0103090238217645     
          30   2.0103090238217693     
          31   2.0103431118772530     
          32   2.0116174653408851     
          33   2.0131730519723576     
          34   2.0131730519723723     
          35   2.0131788863591726     
          36   2.0131788863591815     
          37   2.0131808521026144     
          38   2.0168001620146940     
          39   2.0168001620146989     
          40   2.0168632144512451     
          41   2.0195381176820626     
          42   2.0206650537188637     
          43   2.0206650537188757     
          44   2.0206718337742298     
          45   2.0206718337742364     
          46   2.0206741202157312     
          47   2.0247559447084762     
          48   2.0247559447084771     
          49   2.0248368995454626     
          50   2.0290435429905065     
          51   2.0298242540530946     
          52   2.0298242540531053     
          53   2.0298340927812326     
          54   2.0298340927812344     
          55   2.0298374138296520     
          56   2.0348382745026434     
          57   2.0348382745026434     
          58   2.0349241081228113     
          59   2.0402629105480514     
          60   2.0403455600452194     
          61   2.0403455600452318     
          62   2.0403609054216938     
          63   2.0403609054217027     
          64   2.0403661031191307     
          65   2.0471943535196777     
          66   2.0471943535196786     
          67   2.0472904560359746     
          68   2.0524446512614452     
          69   2.0524446512614576     
          70   2.0524652464378779     
          71   2.0524652464378805     
          72   2.0524722623500855     
          73   2.0538214490361422     
          74   2.0615129154429956     
          75   2.0615129154429956     
          76   2.0616343734916054     
          77   2.0668057901669208     
          78   2.0668057901669310     
          79   2.0668297345754034     
          80   2.0668297345754088     
          81   2.0668379668313221     
          82   2.0700489625233454     
          83   2.0776755676869625     
          84   2.0776755676869643     
          85   2.0778290715761205     
          86   2.0837239058276937     
          87   2.0837239058277053     
          88   2.0837518513959772     
          89   2.0837518513959870     
          90   2.0837615062748704     
          91   2.0886856695096605     
          92   2.0962831218909610     
          93   2.0962831218909641     
          94   2.0964589991152991     
          95   2.1028864001391261     
          96   2.1028864001391376     
          97   2.1029217383320624     
          98   2.1029217383320793     
          99   2.1029339906245887     
         100   2.1097067811957011     
         101   2.1180418249033890     
         102   2.1180418249033908     
         103   2.1182387831543461     
         104   2.1243315366010296     
         105   2.1243315366010433     
         106   2.1243771624586003     
         107   2.1243771624586083     
         108   2.1243931777815370     
         109   2.1339691830230221     
         110   2.1427928480560157     
         111   2.1427928480560183     
         112   2.1430275108399734     
         113   2.1490262266663569     
         114   2.1490262266663729     
         115   2.1490808682053086     
         116   2.1490808682053140     
         117   2.1491003485359221     
         118   2.1621066291496316     
         119   2.1705477793806658     
         120   2.1705477793806662     
         121   2.1708346441060229     
         122   2.1773739575844901     
         123   2.1773739575845013     
         124   2.1774384249204659     
         125   2.1774384249204726     
         126   2.1774615960017574     
         127   2.1939690784056145     
         128   2.2025183703972990     
         129   2.2025183703973021     
         130   2.2028459952014501     
         131   2.2091730300772223     
         132   2.2091730300772303     
         133   2.2092565538025921     
         134   2.2092565538025970     
         135   2.2092870985001820     
         136   2.2302246884010160     
         137   2.2391966586388099     
         138   2.2391966586388126     
         139   2.2395765555044447     
         140   2.2453157440396549     
         141   2.2453157440396656     
         142   2.2454232721301786     
         143   2.2454232721301892     
         144   2.2454639417108457     
         145   2.2722131052543877     
         146   2.2805264990388450     
         147   2.2805264990388490     
         148   2.2809986110790730     
         149   2.2868891037970367     
         150   2.2868891037970505     
         151   2.2870194393548360     
         152   2.2870194393548555     
         153   2.2870698883793921     
         154   2.3201402691826312     
         155   2.3282034578660058     
         156   2.3282034578660080     
         157   2.3287590588820581     
         158   2.3339333035431613     
         159   2.3339333035431729     
         160   2.3341129895442458     
         161   2.3341129895442725     
         162   2.3341863601587969     
         163   2.3752978259871673     
         164   2.3830622626632829     
         165   2.3830622626632865     
         166   2.3837205349693913     
         167   2.3879326081075956     
         168   2.3879326081076022     
         169   2.3881864077496564     
         170   2.3881864077496910     
         171   2.3883001647051234     
         172   2.4393438805386229     
         173   2.4457694537935524     
         174   2.4457694537935613     
         175   2.4466305417509515     
         176   2.4502812474453917     
         177   2.4502812474454050     
         178   2.4506284431583789     
         179   2.4506284431584069     
         180   2.4508012004228643     
         181   2.5132538053376905     
         182   2.5188138976314738     
         183   2.5188138976314915     
         184   2.5197200634568464     
         185   2.5216404069180349     
         186   2.5216404069180478     
         187   2.5223021187720152     
         188   2.5223021187720285     
         189   2.5227393877488788     
         190   2.5999630865593799     
         191   2.6032842754752772     
         192   2.6032842754752892     
         193   2.6044013516481885     
         194   2.6052278955645409     
         195   2.6052278955645551     
         196   2.6064391791298243     
         197   2.6064391791298305     
         198   2.6075154170856534     
         199   2.7004717213809726     
         200   2.7015079888708051     
         201   2.7015079888708144     
         202   2.7023743469862045     
         203   2.7023743469862134     
         204   2.7030696357220561     
         205   2.7056206449323210     
         206   2.7056206449323277     
         207   2.7081216122877798     
         208   2.8161589998501153     
         209   2.8164407442584518     
         210   2.8164407442584736     
         211   2.8170348748934306     
         212   2.8170348748934368     
         213   2.8213950005161590     
         214   2.8229164028240872     
         215   2.8229164028241960     
         216   2.8281381915700101     
         217   2.9518077007653445     
         218   2.9519437733576335     
         219   2.9519437733576375     
         220   2.9523277526031029     
         221   2.9523277526031184     
         222   2.9622449639851673     
         223   2.9630181361201782     
         224   2.9630181361202053     
         225   2.9728504538433107     
         226   3.1140319441756046     
         227   3.1141183924055085     
         228   3.1141183924055138     
         229   3.1143828692632418     
         230   3.1143828692632507     
         231   3.1317732009216614     
         232   3.1321074165016309     
         233   3.1321074165016318     
         234   3.1486275087209030     
         235   3.3109581597532012     
         236   3.3110191276050038     
         237   3.3110191276050038     
         238   3.3112111362626750     
         239   3.3112111362626839     
         240   3.3381676856966895     
         241   3.3381727793135840     
         242   3.3381727793135845     
         243   3.3648436609616637     
         244   3.5525959153730033     
         245   3.5526354580011557     
         246   3.5526354580011805     
         247   3.5527621858642888     
         248   3.5527621858642906     
         249   3.5927677502631465     
         250   3.5927677502631514     
         251   3.5930132427669372     
         252   3.6341868293265067     
         253   3.8531796225953205     
         254   3.8531967259485378     
         255   3.8531967259485547     
         256   3.8532537000784610     
         257   3.8532537000784814     
         258   3.9120265148287028     
         259   3.9120265148287254     
         260   3.9124563513640709     
         261   3.9746126108932858     
         262   4.2331933715846635     
         263   4.2331933715846786     
         264   4.2332154087807741     
         265   4.2332154087807794     
         266   4.2332239892244665     
         267   4.3192081639233564     
         268   4.3192081639233733     
         269   4.3197933266680018     
         270   4.4131095043675339     
         271   4.7229172467326332     
         272   4.7229172467326368     
         273   4.7230383352706244     
         274   4.7230383352706315     
         275   4.7230793962499416     
         276   4.8494839460955816     
         277   4.8494839460955914     
         278   4.8501464313122655     
         279   4.9905745907503203     
         280   5.3688860897615367     
         281   5.3688860897615491     
         282   5.3691265081255644     
         283   5.3691265081255981     
         284   5.3692070901249140     
         285   5.5574145934402592     
         286   5.5574145934402770     
         287   5.5581104115961022     
         288   5.7723257343097671     
         289   6.2452236209040848     
         290   6.2452236209040954     
         291   6.2456120001011932     
         292   6.2456120001012234     
         293   6.2457418180179314     
         294   6.5321443011549922     
         295   6.5321443011550393     
         296   6.5327606628138577     
         297   6.8665267950341793     
         298   7.4761099461061997     
         299   7.4761099461062166     
         300   7.4766365588550148     
         301   7.4766365588550929     
         302   7.4768124582353348     
         303   7.9258625340858124     
         304   7.9258625340858204     
         305   7.9263697668995485     
         306   8.4644925427122857     
         307   9.2827100476047466     
         308   9.2827100476047626     
         309   9.2833474393679687     
         310   9.2833474393680238     
         311   9.2835602128125974     
         312   10.018584008625956     
         313   10.018584008626020     
         314   10.018996380040427     
         315   10.929737214541039     
         316   12.091412473940707     
         317   12.091412473940718     
         318   12.092003272048249     
         319   12.092003272048355     
         320   12.092200343497753     
         321   13.368081993021926     
         322   13.368081993021931     
         323   13.368469901738642     
         324   15.023937695256034     
         325   16.813380265993587     
         326   16.813380265993626     
         327   16.813921996726055     
         328   16.813921996726094     
         329   16.814102611646838     
         330   19.231286080498762     
         331   19.231286080498826     
         332   19.231786423431352     
         333   22.576814712533626     
         334   25.716638990949782     
         335   25.716638990949832     
         336   25.717097857200422     
         337   25.717097857200475     
         338   25.717250840765288     
         339   30.956400909730977     
         340   30.956400909731169     
         341   30.956734492704129     
         342   38.928135341256336     
         343   45.914261917968695     
         344   45.914261917968744     
         345   45.914416418971285     
         346   45.914416418971385     
         347   45.914467921898591     
         348   60.160093516320224     
         349   60.160093516320288     
         350   60.160195401148222     
         351   85.723728019351654     
         352   112.12573999731073     
         353   112.12573999731090     
         354   112.12576021558294     
         355   112.12576021558334     
         356   112.12576695503290     
         357   175.03426410895321     
         358   175.03426410895327     
         359   175.03427459889275     
         360   339.09080257811206     
